5 300000 9.8816 8.0925 0.414903
6 300000 12.4655 14.1343 0.436803
7 300000 15.198 22.6919 0.44162
8 300000 18.1356 34.1576 0.45361
9 300000 21.2726 48.9144 0.457423
10 300000 24.5832 67.4648 0.462167
11 255744 28.0406 90.1105 0.467534
12 188890 31.6641 117.302 0.471565
13 144276 35.4218 150.034 0.472144
14 110378 39.2973 187.749 0.474823
15 87781 43.367 231.386 0.478406
16 68809 47.7029 280.255 0.478121
17 56471 51.8352 336.718 0.479892
18 45827 56.4891 404.754 0.48203
19 38039 60.9265 469.308 0.482663
