161924331644525858
186632467873167144
165390032601438112
182090354029780254
169296530158657715
183798413336723757
165402695302050740
180245233544881731
155033776334158133
184260285872688425
155565787467545805
176015725229649546
161997663789828509
186162692057693794
160697733626113477
178032880947473000
165840197261950728
184951124321760275
163753642960057168
184463644697688690
173152571575030621
181361837191640840
170237870329851440
188147158232567974
178657870134666430
186883665197908183
172240306150958950
182884664067327532
171683247456735264
178987606932672112
159358071963972523
173777676640013824
158730862604892588
175815714324654100
170454630956387269
189507032013734874
162397840241060127
181170674228266257
165405939246942123
182642659125097827
171134667049832735
179502143165321144
172731152488606118
176276838996229826
166638185612546162
182840627728264163
155019272670565706
179470508231547546
165219023049369063
182622752755815316
165322370272715418
181550452531443925
166081671151352359
182923703363734430
164123998626326241
184350175045004646
165729255554474421
186764484364454972
163573854178118025
182073694617248134
